0 0 
-221 117 
354 -280 
-528 249 
580 -276 
-694 426 
916 -503 
-995 542 
1175 -581 
2547 -1339 
-879 1943 
1391 1287 
827 -455 
224 -1615 
-1852 278 
-730 461 
-887 -451 
-1900 -125 
-1105 1377 
425 1686 
-716 664 
-2649 -41 
-1928 -352 
-447 -1143 
-206 -1937 
509 -1690 
1062 -459 
-337 718 
-635 975 
1641 693 
2008 703 
-234 478 
-463 -556 
1024 -1003 
735 -67 
-352 587 
-483 158 
-304 -34 
515 604 
1617 1476 
1030 1858 
-27 809 
558 -1071 
902 -1489 
-225 -555 
-937 -349 
-1078 -425 
-1201 292 
-472 567 
-28 272 
-645 669 
106 723 
1371 -322 
-205 -695 
-1847 -432 
-536 -798 
-306 -549 
-2216 509 
-1596 450 
608 385 
649 1295 
649 164 
1817 -2146 
1377 -901 
209 1157 
310 -1020 
166 -2805 
61 -206 
983 697 
686 -2229 
-132 -2219 
1116 1114 
1319 1474 
-848 -491 
-786 -195 
144 1266 
-2106 1436 
-2732 1345 
399 1499 
648 999 
-1202 428 
301 625 
946 839 
-1333 143 
-241 -980 
1934 -1239 
-485 -618 
-1222 -353 
2523 -147 
2599 818 
-232 583 
377 -1544 
451 -1481 
-1616 1696 
-96 2437 
1506 -426 
-1302 -1413 
-1540 216 
1099 403 
-1059 -442 
-2659 -287 
2125 -549 
3310 -772 
-1825 1042 
-2416 1958 
921 -48 
770 -459 
441 1488 
1389 359 
-756 -2360 
-2046 -814 
385 1264 
-17 -1406 
-2128 -3151 
332 23 
1777 1524 
-1792 -882 
-2384 -1176 
902 816 
1079 850 
39 230 
1122 376 
1029 -673 
254 -1261 
628 492 
-1062 1159 
-2623 161 
722 560 
3109 226 
-101 -1977 
-2113 -739 
-451 2553 
174 532 
396 -2854 
1327 -105 
382 2954 
-349 459 
750 -1293 
-118 774 
-754 1343 
2391 -96 
2334 -468 
-2705 -486 
-2654 -207 
1709 970 
1103 671 
-796 -489 
879 542 
38 1169 
-2497 -942 
-158 -1855 
1494 -614 
-2008 -68 
-2483 1070 
1196 2590 
1151 541 
-886 -2047 
-155 -225 
201 1398 
-319 -474 
947 -851 
1118 514 
-137 -182 
1416 -392 
2805 726 
-109 -1066 
-2301 -2951 
-740 -307 
372 1703 
293 -306 
766 -1318 
357 -623 
-387 -1104 
269 -674 
134 788 
-1224 82 
-1297 -554 
-1218 648 
-1750 287 
-132 -291 
1850 1632 
414 1173 
-1233 -1968 
-92 -480 
345 2743 
-1322 328 
-2264 -1751 
-1397 1971 
890 4049 
2671 1928 
980 1231 
-1388 312 
120 -2986 
1564 -2654 
-316 1131 
2 1186 
2730 -1102 
1100 -1293 
-2174 -1861 
-605 -2744 
1681 -366 
651 1960 
292 477 
1146 -1348 
476 -1835 
241 -2555 
877 -1277 
-280 2215 
-1104 3052 
322 1321 
593 969 
-563 780 
-740 -399 
-1636 284 
-2519 1544 
340 34 
2824 -1173 
245 486 
-1240 948 
1844 -727 
2232 -159 
-1353 1820 
-1780 746 
269 -1596 
-677 -1163 
-1881 65 
396 -1019 
1401 -2045 
-2207 -430 
-4351 1107 
-589 -61 
2890 -1283 
611 -40 
-1853 1174 
246 161 
1466 -978 
-461 -661 
398 -122 
2907 416 
695 1455 
-2424 1408 
-1100 -504 
45 -1556 
-731 215 
799 2457 
1703 1899 
-656 -797 
-31 -1828 
2775 -125 
7 814 
-3563 -538 
-558 -778 
2119 974 
241 744 
585 -1722 
2302 -1949 
12 212 
-1194 937 
1724 136 
2035 -116 
-631 -136 
-914 39 
-497 1138 
-1163 1404 
-323 -67 
157 -662 
-1406 -105 
-741 -848 
1667 -1195 
937 942 
-791 1402 
-515 -1418 
-842 -1292 
-1069 2362 
1016 1704 
1462 -2704 
-719 -2240 
-556 1906 
1067 1950 
522 -764 
194 -1122 
585 -655 
-995 -799 
-1413 466 
980 1533 
518 284 
-2310 -189 
-1114 1109 
1382 888 
-99 196 
-1442 1363 
488 841 
1335 -2171 
-751 -1790 
-3102 1495 
-3476 850 
-450 -2022 
3626 -1017 
3532 672 
365 -1455 
-939 -2703 
-1041 18 
-1114 1549 
840 41 
2236 -369 
-68 543 
-1651 243 
-221 -86 
244 285 
568 -542 
2907 -1319 
2259 75 
-1860 1143 
-1892 513 
1470 1017 
1391 2021 
85 702 
1594 -251 
1902 1262 
-547 1141 
-1135 -1165 
455 -1094 
618 54 
-731 -1288 
-1536 -1869 
-1006 162 
-130 743 
-849 109 
-2113 986 
-866 289 
943 -2482 
-276 -1864 
-1710 752 
-317 88 
859 -466 
93 1903 
-446 1821 
-580 -860 
-672 -708 
181 130 
614 -1208 
-133 -538 
315 1570 
1391 611 
1002 362 
1304 3105 
1951 1975 
-1084 -2324 
-3719 -1441 
185 1580 
4083 -195 
1148 -1882 
-1994 294 
-718 697 
-648 -1341 
-2459 -1373 
-1179 -821 
1380 -1013 
1215 490 
136 1266 
32 -1259 
219 -2004 
876 721 
1631 1238 
1428 -153 
630 1201 
-1059 2275 
-3327 -654 
-2846 -2624 
155 -110 
877 2073 
2 551 
1152 -1309 
1307 -588 
-1223 687 
-936 -64 
1993 -1283 
1008 -72 
-1945 1968 
-780 1056 
1409 -1629 
92 -1760 
-1390 533 
-227 1549 
1174 674 
1483 439 
1460 1148 
851 470 
-527 -1309 
-1527 -990 
-829 1196 
949 1533 
1014 50 
-761 -511 
-748 -1016 
599 -2209 
-661 -1176 
-2080 1312 
287 787 
2108 -978 
496 310 
470 1577 
1922 -422 
-290 -1419 
-2675 697 
-654 1313 
415 -666 
-1853 -972 
-1623 965 
544 1365 
-441 -629 
-1734 -1745 
-99 -248 
737 1035 
-195 -215 
82 -1319 
550 -39 
-51 909 
285 -112 
1211 -823 
1132 -740 
899 -851 
100 -10 
-1646 1397 
-1067 999 
1770 17 
1988 548 
187 787 
495 -125 
1058 -534 
-423 -1019 
-978 -1916 
154 -835 
307 1214 
-447 704 
-1297 -918 
-2369 -435 
-1584 1130 
1223 1894 
1994 1622 
527 359 
367 -303 
650 898 
-387 1989 
-377 1776 
863 1081 
614 -915 
-214 -3132 
-140 -1782 
-861 602 
-1809 -1242 
-564 -3585 
1228 -1751 
1057 -9 
6 -682 
-462 11 
-118 1184 
853 168 
812 -296 
-735 527 
-1264 452 
-258 1342 
256 3060 
718 1465 
1554 -888 
659 -114 
-1069 -693 
-986 -3078 
-1050 -717 
-2417 2931 
-1235 790 
2106 -1008 
1819 2316 
-1728 2920 
-2440 -963 
454 -1873 
2048 -314 
116 -501 
-1839 -179 
-225 933 
2143 -105 
688 -1259 
-1751 -932 
-599 -1476 
1233 -1724 
802 -261 
876 -193 
1371 -798 
-125 1029 
-713 1663 
931 -739 
693 -514 
-733 2211 
264 1532 
1165 -712 
576 -399 
1159 -97 
492 -848 
-2708 -229 
-2047 205 
1723 -580 
685 133 
-1713 1034 
669 -641 
1423 -1587 
-1966 324 
-1804 1363 
220 600 
-1854 690 
-2049 1086 
2309 472 
2677 60 
-805 88 
-715 -414 
1002 -950 
1000 -507 
1313 838 
294 1587 
-2216 524 
-931 -199 
1287 1248 
-1051 1358 
-1760 -1274 
1349 -1586 
-13 446 
-2655 -824 
1326 -2971 
3223 -762 
-1978 995 
-2402 -1358 
2285 -1630 
702 1327 
-2517 1030 
294 -1462 
1479 -405 
-728 2315 
1291 2189 
3045 -267 
-568 -2300 
-1189 -1727 
2001 745 
379 1138 
-2138 -522 
305 -219 
508 652 
-2843 -862 
-1504 -1152 
1783 1027 
388 623 
-650 -1430 
1625 -37 
1255 2070 
-1642 1009 
-1508 -71 
1058 392 
2423 273 
1349 552 
-1409 1404 
-2585 74 
-1005 -1617 
-324 -423 
-899 639 
-128 -895 
-471 -1890 
-2239 -871 
172 356 
4212 956 
2455 466 
-597 -434 
955 462 
1434 1624 
-740 303 
514 -469 
1878 1316 
-1704 1428 
-3077 -413 
812 -66 
1686 456 
-935 -1319 
-678 -1110 
216 1137 
-990 11 
-173 -2241 
1721 -964 
98 -77 
-1872 -1640 
-935 -570 
-653 2235 
-1704 1294 
-1059 -1094 
179 -1082 
435 -1241 
784 -2112 
502 -463 
-202 2122 
1434 2237 
3009 1263 
309 896 
-2335 394 
-168 -97 
2058 -281 
693 -642 
-311 -713 
114 -883 
-905 -2192 
-1694 -2135 
-312 1063 
-20 2838 
-1472 696 
-532 -287 
2263 1782 
2373 2094 
376 -124 
-263 -1111 
-154 -1136 
-889 -1741 
-1097 -856 
-238 1534 
-142 2017 
-994 566 
-889 -326 
423 -849 
1096 -1142 
367 274 
-85 1658 
875 181 
1197 -1579 
-636 -101 
-1688 1943 
225 1043 
1736 -668 
595 -497 
-123 52 
626 -473 
173 -671 
-765 151 
-66 549 
261 -240 
-568 -1250 
178 -1496 
1222 -937 
-481 -171 
-1821 59 
-109 -118 
526 429 
-1506 1529 
-1908 1185 
-233 -370 
216 -120 
-125 1471 
110 612 
15 -1529 
292 -702 
1435 844 
810 -1073 
-1136 -2803 
-285 -422 
2195 1649 
1627 199 
-684 -682 
-573 550 
1145 500 
1555 -503 
437 341 
-983 1639 
-1426 966 
-337 -876 
682 -2200 
-238 -1974 
-2169 -217 
-2728 1169 
-1256 1392 
725 1958 
1465 1928 
844 -431 
-54 -1494 
-632 1472 
-848 3131 
-556 15 
406 -2387 
1936 -873 
2627 435 
943 -57 
-670 -7 
786 206 
1285 -240 
-2452 43 
-3425 114 
1723 -1653 
3527 -2489 
-904 -414 
-2195 1229 
415 114 
180 -1509 
-418 -1260 
929 874 
-1016 2667 
-3020 1394 
1449 -1210 
4143 -720 
-979 1224 
-3177 -53 
954 -2028 
1369 -189 
-1050 2362 
781 1740 
1731 253 
-1790 -276 
-2766 -920 
-550 -656 
-301 813 
153 357 
2107 -1673 
930 -1377 
-1750 86 
-727 -683 
1523 -1543 
1069 -279 
-946 411 
-2648 115 
-2073 1415 
1182 2324 
2437 552 
311 -171 
176 1131 
1643 -247 
-81 -2580 
-1608 -205 
450 2563 
929 -127 
-1017 -2419 
-442 -169 
654 126 
-406 -2003 
397 447 
2155 3819 
301 865 
-1166 -2194 
683 290 
340 1080 
-1422 -1798 
982 -724 
2932 2073 
24 -429 
-1450 -2272 
-79 2026 
-1566 3864 
-3108 -573 
-170 -2302 
1948 524 
553 863 
473 -613 
1205 202 
-716 304 
-2354 -1648 
-1461 -1293 
-741 1360 
-490 2400 
422 1215 
361 -1542 
-599 -4070 
-393 -2175 
420 1995 
980 1110 
1941 -2225 
1951 -380 
-300 2595 
-2244 630 
-1459 -1053 
684 494 
1836 -115 
1495 -1982 
809 -532 
518 541 
-63 -1034 
-603 -516 
53 891 
418 -930 
-554 -1384 
-218 1756 
998 1802 
-537 -1031 
-2000 -186 
543 1697 
1897 201 
-1001 -320 
-1799 1443 
197 691 
-873 -954 
-2277 16 
221 -111 
998 -2070 
-1869 -297 
-1841 3686 
477 3280 
-108 318 
-700 200 
1333 1313 
2165 493 
1560 -573 
1726 -344 
608 -263 
-1040 -715 
546 -384 
2259 126 
307 -906 
-1209 -2060 
112 -966 
927 258 
589 -945 
-166 -1734 
-2184 -322 
-2700 -302 
2 -1562 
696 93 
-1402 2091 
-80 88 
2764 -1582 
596 157 
-2231 116 
92 -1955 
1997 -367 
-636 2446 
-2198 842 
-132 -1749 
1129 -916 
-6 761 
-1115 936 
-966 28 
-5 -1532 
706 -1238 
566 2011 
445 3425 
669 904 
316 -771 
65 46 
1069 322 
1805 -41 
731 28 
-838 -151 
-1337 167 
-1111 1089 
-896 691 
-437 163 
548 1128 
701 579 
-1035 -1872 
-1901 -1989 
464 -294 
2291 315 
455 1392 
-972 2344 
538 297 
1006 -785 
-828 1849 
-1820 1624 
-1740 -2457 
-1445 -2101 
109 1717 
1380 796 
535 -2276 
161 -975 
980 1075 
106 -827 
-916 -3201 
745 -2304 
1782 344 
264 1731 
123 812 
1726 -714 
1240 -1186 
-730 -1587 
-1158 -2101 
-323 -811 
230 1393 
-214 1743 
-1134 576 
-584 -612 
848 -1073 
284 348 
-888 2012 
-98 563 
18 -1362 
-1411 263 
-636 1725 
1050 -53 
42 -472 
-548 1695 
970 1661 
480 -207 
-654 -311 
1404 94 
2240 -159 
-655 697 
-1275 1652 
935 1123 
627 996 
-665 1371 
83 -185 
120 -2363 
-862 -2083 
-573 -302 
-464 128 
-512 -1012 
789 -1225 
-104 982 
-3394 2692 
-2511 834 
881 -1649 
-379 -1283 
-2255 -303 
760 -356 
2762 248 
667 485 
-138 -844 
609 -850 
86 527 
165 106 
576 -343 
-256 978 
1027 215 
3479 -2317 
1512 -1305 
-1013 1112 
1324 -416 
2090 -2885 
-1914 -2212 
-2964 -506 
-370 936 
-4 2644 
57 2567 
1396 790 
-285 680 
-2083 1662 
1303 762 
3750 -1074 
200 -1547 
-2767 -689 
-1792 256 
-1368 -248 
-1777 -1855 
-400 -1570 
1104 928 
820 2194 
-571 1362 
-1661 503 
-415 294 
2224 732 
1604 1282 
-1743 133 
-2038 -1582 
478 -517 
772 1565 
-1006 585 
-1374 -1724 
91 -1672 
1530 55 
1370 1038 
137 348 
187 -812 
1453 -45 
1669 1365 
843 -159 
-405 -1835 
-1989 733 
-1233 3005 
1860 625 
1560 -1395 
-1704 -610 
-1002 -1225 
1678 -2184 
477 -151 
-524 1307 
1499 120 
744 -233 
-2010 -86 
-1078 -1078 
-26 -431 
-1732 1024 
-1057 -405 
648 -1291 
-1466 920 
-2035 379 
1672 -3346 
2192 -2792 
-309 1321 
343 2471 
918 1471 
-712 1115 
663 203 
1881 -228 
-2083 1077 
-2947 858 
2540 -1055 
3281 -725 
-1571 433 
-1990 -769 
122 -1103 
-873 1598 
-468 2862 
1698 800 
-94 -725 
-2025 -173 
811 218 
2396 -286 
-135 -606 
-1163 -651 
-86 -861 
174 -666 
919 542 
1455 1668 
-707 1158 
-1832 -130 
1120 45 
3058 1505 
397 1511 
-2825 -1095 
-2361 -3447 
935 -2566 
2539 -305 
-35 119 
-2143 48 
429 930 
2181 78 
